"A" "R" "N" "D" "C" "Q" "E" "G" "H" "I" "L" "K" "M" "F" "P" "S" "T" "W" "Y" "V"
"A" 13.2803553589206 6.1106387831398 9.11317558699303 9.35090085475368 5.41922562753049 7.97861944465539 9.42273839798758 11.7873394740007 6.34988528888834 7.94996528587287 5.91569405278701 6.81854446455858 6.73925627428911 4.18060587791047 11.6109248087267 11.3014329035257 11.6208203493519 2.30678560788853 3.79238730994002 9.21187249768243
"R" 2.79186549638913 16.4029205502932 3.9992028534432 3.00050421513317 1.77242035421589 5.4158714633285 3.16960840598378 2.05765704062595 5.80653818931616 2.74347277718173 2.19385384240292 9.00867103586497 3.83866144131734 1.75261974308335 3.88613379417678 3.70445216918473 3.34751068400482 6.59746331744941 1.44841643278334 2.34108364635385
"N" 4.31591737628488 4.0329213751529 6.4549564884437 6.54152551338604 1.79307200719036 4.82950370728442 5.66813994724383 4.52206951213467 5.72297854032965 2.73623820716783 2.04207379929111 5.19275628176766 2.69434154799525 1.99541425959877 3.82683633000395 4.84779382780236 4.5839906220404 1.63427548938677 2.5120083550299 2.76977245537891
"D" 5.19774333073382 3.45613685279558 7.57927881098328 11.3709121694893 1.49981943054282 6.81476219969261 10.3000585991033 5.54680991344847 5.41754107157162 2.8234665811759 1.96131797609006 4.79121665598703 2.55319930978889 1.41760995494486 4.11862179566526 5.18056786324675 4.69265029813666 1.02710784917075 1.70342598905341 2.99601031684107
"C" 1.98678364529987 1.59056528496927 1.40821854207992 0.987860659855139 51.6549957365691 0.990689828246206 0.961615335592244 1.19376100004149 1.54425569107132 1.8354833894022 0.834650798667592 1.00248991884173 1.00741814776663 1.20901543292921 2.02126161324781 3.14981725748054 2.16617606231092 0.566199664443082 3.36402136164623 2.29083714919661
"Q" 3.41149617920716 4.98755360872636 4.5344319458394 5.51387858043298 1.10036597735983 9.57513778275895 6.69456298026797 2.81922585794845 7.39582277062438 2.42814156445395 2.60912272296963 4.58931676467738 2.99247169715635 1.41826993086409 4.1314014167632 3.36749399543423 3.2002600073306 1.27091070553777 1.43683876021403 2.42197374052794
"E" 5.48941578373488 3.85435452728481 6.92724549207752 10.8650307310839 1.51139121187766 8.76722852498826 11.9891782226528 5.28127862465887 5.70406219979257 3.25823747195724 2.52068354709379 4.94413719003935 3.05077226782744 1.56562317340106 4.71576972462201 5.09142857677409 4.70116318257299 1.02219449045236 1.79533649798086 3.41640280272057
"G" 11.9895787377157 5.01423106781778 9.66635019076536 10.2045564531548 4.14056646928429 6.90456142579359 9.31141748871621 26.5934562597856 5.46433795810516 5.14314646073643 3.80982481935451 6.02693367857357 4.60320898404389 2.94065509299119 8.20206450898662 11.5054883114782 9.0860617918538 1.80479880583274 2.52133092870647 6.71368337500626
"H" 2.41923953733309 4.70999514072999 4.79024361459484 3.86163431919126 1.5232557342364 6.42366104454768 3.77357395034281 1.9088968496053 14.8072559748593 1.76951286843732 1.82269296348818 3.36442432589492 1.90132677079789 2.39138076872905 3.15896856874476 2.72884734726381 2.49342708359678 1.8698158644341 3.16830183529804 1.78182200879359
"I" 3.16803110420393 2.29614169632851 2.43903697690071 2.10674856508068 2.32522350797892 2.28937335209181 2.22929317701563 1.99395258467231 2.03049358180429 10.3443567783741 6.26709567739714 2.52514616108609 5.98237742927506 4.53666383981127 2.19278217831886 2.6294397334906 3.75620827991599 1.08765316489159 2.72839040927153 8.58154106972288
"L" 5.39238152515695 4.22501099607068 4.52245954084256 3.42484838665076 2.15426635046141 5.69457289364045 3.89735611499247 3.50879852534554 5.35341917713199 15.069686727834 33.5423510793284 4.90987282676562 20.0227861792579 12.7203482134537 4.80083540785214 4.43600356248694 5.9548316007404 5.55376702873002 6.52295798731318 13.1528668872404
"K" 6.25805004507392 17.4996287243967 10.1495301052102 8.3312925888823 2.36965887044261 9.54537595328953 8.08726373380459 5.42261950238652 7.86827415419646 5.39719814581682 4.10939975341023 23.8586620143247 8.97662670801914 2.56710998106805 6.49927513017104 7.87178615433501 8.2095441633375 3.58491686818184 2.73709840939946 4.73989220790822
"M" 1.12573013649999 1.32651186142521 1.01751580529887 0.797925886777975 0.458813106440865 1.20512239017851 0.865997045576503 0.721322962770621 0.909594462692255 2.50160964121119 3.52347762344569 1.77363239784712 6.41978212848834 1.44422255106962 0.888886643636379 1.0462584070938 1.37668459702341 0.548938799506654 0.764965125924042 2.29256398645678
"F" 2.00672590279567 1.652515128496 2.06852801585662 1.27132232442979 1.60486096892769 1.48737940462392 1.30578577919556 1.67977585246286 2.81138723883382 5.10372632637519 5.95988496480877 1.33315092125441 4.26578945527492 32.3195628233312 1.29993343516444 2.13122556060419 2.22839459736545 4.38738803360144 20.0486125904475 2.98504274794935
"P" 6.78286806951856 4.92872098880947 4.69826997567085 4.34032175848336 2.73272943122898 5.60523730063092 4.75231851457954 4.75274391400491 4.97242448880429 3.4185945318386 3.16101256164506 4.19700658323568 3.3363603605921 2.19061736093463 19.7794386764267 6.4189017824574 5.6433080308179 1.42803809883439 1.68941802335987 3.88415689257417
"S" 9.0472463554267 6.55108460085756 8.20864340737641 7.54102010432971 6.81865135941467 6.29272806784434 7.07776274491349 8.94383939996287 5.68972395085606 5.13932828604606 3.69582291690775 6.90887530448329 4.83960434108586 3.42505730901533 8.91622806454941 10.0618770687203 9.60144288254413 3.8770965335012 3.39938194644604 5.61438997618277
"T" 7.842802763753 4.93959406161837 6.54905640691193 5.75771131024214 3.56833457992166 4.96185160117538 5.44915661277185 5.99036542476304 4.26778907530982 6.04429984374644 4.03700799675068 6.0472646753408 5.13266258265474 2.99243948509314 6.59808780748111 8.0851261590419 10.6905016535796 1.81170167437453 2.8933773606584 6.30418373697194
"W" 0.270916540930962 1.62528809192531 0.309021447737528 0.188884454299157 0.201723039587152 0.280078652313633 0.186184815507448 0.208677851444954 0.336119228740435 0.237619026289565 0.197181747374246 0.434159583326752 0.241255740507393 1.34769725407125 0.270759137762182 0.656333096259806 0.319556999060058 55.0454036163884 1.38975176738309 0.169572329833761
"Y" 1.49493263354207 1.03612951599672 1.9656939379965 1.20713016183936 3.37250317927761 1.2371339403168 1.27011720328342 1.01065641459467 3.04464714206725 2.43170995489415 2.50848034952313 0.914080436679405 1.74577743321604 15.1033118170682 0.975186895648851 1.62117788046615 1.63053465580248 3.08102197765497 30.6246112157622 1.75385567530861
"V" 6.53509735941749 3.7149792432308 4.28422439111805 3.8236347194554 4.10397358057044 4.13699596230565 4.07196439525037 4.51207619417657 3.80344506096629 14.9808565011055 9.71899362066664 3.95191905718692 9.66673422109638 4.98814742568707 4.80160224463925 5.06695335739666 6.87192738979358 1.54418384102242 3.53300076080036 17.2159556345758
